T (min)	V (V)
51.2	0.06483
51.18333	0.06483
51.16667	0.06483
51.15	0.06483
51.13333	0.06483
51.11667	0.06483
51.1	0.06483
51.08333	0.06483
51.06667	0.06483
51.05	0.065
51.03333	0.065
51.01667	0.065
51	0.065
50.98333	0.065
50.96667	0.065
50.95	0.065
50.93333	0.065
50.91667	0.065
50.9	0.065
50.88333	0.065
50.86667	0.065
50.85	0.065
50.83333	0.065
50.81667	0.065
50.8	0.065
50.78333	0.065
50.76667	0.065
50.75	0.065
50.73333	0.065
50.71667	0.065
50.7	0.065
50.68333	0.065
50.66667	0.065
50.65	0.065
50.63333	0.065
50.61667	0.065
50.6	0.065
50.58333	0.065
50.56667	0.065
50.55	0.065
50.53333	0.065
50.51667	0.065
50.5	0.065
50.48333	0.065
50.46667	0.065
50.45	0.065
50.43333	0.065
50.41667	0.065
50.4	0.065
50.38333	0.065
50.36667	0.065
50.35	0.065
50.33333	0.065
50.31667	0.065
50.3	0.065
50.28333	0.065
50.26667	0.065
50.25	0.065
50.23333	0.065
50.21667	0.065
50.2	0.065
50.18333	0.065
50.16667	0.065
50.15	0.065
50.13333	0.065
50.11667	0.065
50.1	0.065
50.08333	0.065
50.06667	0.065
50.05	0.065
50.03333	0.065
50.01667	0.065
50	0.065
49.98333	0.065
49.96667	0.065
49.95	0.065
49.93333	0.065
49.91667	0.065
49.9	0.065
49.88333	0.065
49.86667	0.065
49.85	0.065
49.83333	0.065
49.81667	0.065
49.8	0.065
49.78333	0.065
49.76667	0.065
49.75	0.065
49.73333	0.065
49.71667	0.065
49.7	0.065
49.68333	0.065
49.66667	0.065
49.65	0.065
49.63333	0.065
49.61667	0.065
49.6	0.065
49.58333	0.065
49.56667	0.065
49.55	0.065
49.53333	0.065
49.51667	0.065
49.5	0.065
49.48333	0.065
49.46667	0.065
49.45	0.065
49.43333	0.065
49.41667	0.065
49.4	0.065
49.38333	0.065
49.36667	0.065
49.35	0.065
49.33333	0.065
49.31667	0.065
49.3	0.065
49.28333	0.065
49.26667	0.065
49.25	0.065
49.23333	0.065
49.21667	0.065
49.2	0.065
49.18333	0.065
49.16667	0.065
49.15	0.065
49.13333	0.065
49.11667	0.065
49.1	0.065
49.08333	0.065
49.06667	0.065
49.05	0.065
49.03333	0.065
49.01667	0.065
49	0.065
48.98333	0.065
48.96667	0.065
48.95	0.065
48.93333	0.065
48.91667	0.065
48.9	0.065
48.88333	0.065
48.86667	0.065
48.85	0.065
48.83333	0.065
48.81667	0.065
48.8	0.065
48.78333	0.065
48.76667	0.065
48.75	0.065
48.73333	0.065
48.71667	0.065
48.7	0.065
48.68333	0.065
48.66667	0.065
48.65	0.065
48.63333	0.065
48.61667	0.065
48.6	0.065
48.58333	0.065
48.56667	0.065
48.55	0.065
48.53333	0.065
48.51667	0.065
48.5	0.065
48.48333	0.065
48.46667	0.065
48.45	0.065
48.43333	0.065
48.41667	0.065
48.4	0.065
48.38333	0.065
48.36667	0.065
48.35	0.065
48.33333	0.065
48.31667	0.065
48.3	0.065
48.28333	0.065
48.26667	0.065
48.25	0.065
48.23333	0.065
48.21667	0.065
48.2	0.065
48.18333	0.065
48.16667	0.065
48.15	0.065
48.13333	0.065
48.11667	0.065
48.1	0.065
48.08333	0.06517
48.06667	0.06517
48.05	0.06517
48.03333	0.06517
48.01667	0.06517
48	0.06517
47.98333	0.06517
47.96667	0.06517
47.95	0.06517
47.93333	0.06517
47.91667	0.06517
47.9	0.06517
47.88333	0.06517
47.86667	0.06517
47.85	0.06517
47.83333	0.06517
47.81667	0.06517
47.8	0.06517
47.78333	0.06517
47.76667	0.06517
47.75	0.06517
47.73333	0.06517
47.71667	0.06517
47.7	0.06517
47.68333	0.06517
47.66667	0.06517
47.65	0.06517
47.63333	0.06517
47.61667	0.06517
47.6	0.06517
47.58333	0.06517
47.56667	0.06517
47.55	0.06517
47.53333	0.06517
47.51667	0.06517
47.5	0.06517
47.48333	0.06517
47.46667	0.06517
47.45	0.06517
47.43333	0.06517
47.41667	0.06517
47.4	0.06517
47.38333	0.06517
47.36667	0.06517
47.35	0.06517
47.33333	0.06517
47.31667	0.06517
47.3	0.06517
47.28333	0.06517
47.26667	0.06517
47.25	0.06517
47.23333	0.06517
47.21667	0.06517
47.2	0.06517
47.18333	0.06517
47.16667	0.06517
47.15	0.06517
47.13333	0.06517
47.11667	0.06517
47.1	0.06517
47.08333	0.06517
47.06667	0.06517
47.05	0.06517
47.03333	0.06517
47.01667	0.06517
47	0.06517
46.98333	0.06517
46.96667	0.06517
46.95	0.06517
46.93333	0.06517
46.91667	0.06517
46.9	0.06517
46.88333	0.06517
46.86667	0.06517
46.85	0.06517
46.83333	0.06517
46.81667	0.06517
46.8	0.06517
46.78333	0.06517
46.76667	0.06517
46.75	0.06517
46.73333	0.06517
46.71667	0.06517
46.7	0.06517
46.68333	0.06517
46.66667	0.06517
46.65	0.06517
46.63333	0.06517
46.61667	0.06517
46.6	0.06517
46.58333	0.06517
46.56667	0.06517
46.55	0.06517
46.53333	0.06517
46.51667	0.06517
46.5	0.06517
46.48333	0.06517
46.46667	0.06517
46.45	0.06517
46.43333	0.06517
46.41667	0.06517
46.4	0.06517
46.38333	0.06517
46.36667	0.06517
46.35	0.06517
46.33333	0.06517
46.31667	0.06517
46.3	0.06533
46.28333	0.06533
46.26667	0.06533
46.25	0.06533
46.23333	0.06533
46.21667	0.06533
46.2	0.06533
46.18333	0.06533
46.16667	0.06533
46.15	0.06533
46.13333	0.06533
46.11667	0.06533
46.1	0.06533
46.08333	0.06533
46.06667	0.06533
46.05	0.06533
46.03333	0.06533
46.01667	0.06533
46	0.06533
45.98333	0.06533
45.96667	0.06533
45.95	0.06533
45.93333	0.06533
45.91667	0.06533
45.9	0.06533
45.88333	0.06533
45.86667	0.06533
45.85	0.06533
45.83333	0.06533
45.81667	0.06533
45.8	0.06533
45.78333	0.06533
45.76667	0.06533
45.75	0.06533
45.73333	0.06533
45.71667	0.0654
45.7	0.0654
45.68333	0.0654
45.66667	0.0654
45.65	0.0654
45.63333	0.0654
45.61667	0.0654
45.6	0.0654
45.58333	0.0654
45.56667	0.0655
45.55	0.0655
45.53333	0.0655
45.51667	0.0655
45.5	0.0655
45.48333	0.0655
45.46667	0.0655
45.45	0.0655
45.43333	0.0655
45.41667	0.0655
45.4	0.0655
45.38333	0.0655
45.36667	0.0655
45.35	0.0655
45.33333	0.0655
45.31667	0.0655
45.3	0.0655
45.28333	0.0655
45.26667	0.0655
45.25	0.0655
45.23333	0.0655
45.21667	0.0655
45.2	0.0655
45.18333	0.0655
45.16667	0.0655
45.15	0.0655
45.13333	0.0655
45.11667	0.0655
45.1	0.0655
45.08333	0.0655
45.06667	0.0655
45.05	0.0655
45.03333	0.0655
45.01667	0.0655
45	0.0655
44.98333	0.0655
44.96667	0.0655
44.95	0.0655
44.93333	0.0655
44.91667	0.0655
44.9	0.0655
44.88333	0.0655
44.86667	0.0655
44.85	0.0655
44.83333	0.0655
44.81667	0.0655
44.8	0.0655
44.78333	0.0655
44.76667	0.0655
44.75	0.0655
44.73333	0.0655
44.71667	0.0655
44.7	0.0655
44.68333	0.0655
44.66667	0.0655
44.65	0.0655
44.63333	0.0655
44.61667	0.0655
44.6	0.0655
44.58333	0.0655
44.56667	0.0655
44.55	0.0655
44.53333	0.06567
44.51667	0.06567
44.5	0.06567
44.48333	0.06567
44.46667	0.06567
44.45	0.06567
44.43333	0.06567
44.41667	0.06567
44.4	0.06567
44.38333	0.06567
44.36667	0.06567
44.35	0.06583
44.33333	0.06583
44.31667	0.06583
44.3	0.06583
44.28333	0.06583
44.26667	0.06583
44.25	0.06583
44.23333	0.06583
44.21667	0.06583
44.2	0.06583
44.18333	0.06583
44.16667	0.06583
44.15	0.06583
44.13333	0.06583
44.11667	0.06583
44.1	0.06583
44.08333	0.06583
44.06667	0.06583
44.05	0.06583
44.03333	0.06583
44.01667	0.06583
44	0.06583
43.98333	0.06583
43.96667	0.06583
43.95	0.06583
43.93333	0.06583
43.91667	0.06583
43.9	0.06583
43.88333	0.06583
43.86667	0.06583
43.85	0.06583
43.83333	0.06583
43.81667	0.06583
43.8	0.06583
43.78333	0.06583
43.76667	0.06583
43.75	0.06583
43.73333	0.06583
43.71667	0.06583
43.7	0.06583
43.68333	0.06583
43.66667	0.06583
43.65	0.06583
43.63333	0.06583
43.61667	0.066
43.6	0.066
43.58333	0.066
43.56667	0.066
43.55	0.066
43.53333	0.066
43.51667	0.066
43.5	0.066
43.48333	0.066
43.46667	0.066
43.45	0.066
43.43333	0.066
43.41667	0.066
43.4	0.066
43.38333	0.066
43.36667	0.066
43.35	0.066
43.33333	0.066
43.31667	0.066
43.3	0.066
43.28333	0.06617
43.26667	0.06617
43.25	0.06617
43.23333	0.06617
43.21667	0.06617
43.2	0.06617
43.18333	0.06617
43.16667	0.06617
43.15	0.06617
43.13333	0.06617
43.11667	0.06617
43.1	0.06617
43.08333	0.06617
43.06667	0.06617
43.05	0.06617
43.03333	0.06617
43.01667	0.06617
43	0.06617
42.98333	0.06617
42.96667	0.06617
42.95	0.06617
42.93333	0.06617
42.91667	0.06617
42.9	0.06617
42.88333	0.06617
42.86667	0.06617
42.85	0.06617
42.83333	0.06617
42.81667	0.06617
42.8	0.06617
42.78333	0.06617
42.76667	0.06617
42.75	0.06617
42.73333	0.06617
42.71667	0.06617
42.7	0.06617
42.68333	0.06617
42.66667	0.06617
42.65	0.06617
42.63333	0.06617
42.61667	0.06617
42.6	0.06617
42.58333	0.06617
42.56667	0.06617
42.55	0.06625
42.53333	0.06633
42.51667	0.06633
42.5	0.06633
42.48333	0.06633
42.46667	0.06633
42.45	0.06633
42.43333	0.06633
42.41667	0.06633
42.4	0.06633
42.38333	0.06633
42.36667	0.0665
42.35	0.0665
42.33333	0.0665
42.31667	0.0665
42.3	0.0665
42.28333	0.0665
42.26667	0.0665
42.25	0.0665
42.23333	0.06667
42.21667	0.06667
42.2	0.06667
42.18333	0.06667
42.16667	0.06667
42.15	0.06667
42.13333	0.06667
42.11667	0.06667
42.1	0.06667
42.08333	0.06667
42.06667	0.06667
42.05	0.06667
42.03333	0.06667
42.01667	0.06667
42	0.06667
41.98333	0.06667
41.96667	0.06667
41.95	0.06667
41.93333	0.06667
41.91667	0.06667
41.9	0.06667
41.88333	0.06667
41.86667	0.06667
41.85	0.06667
41.83333	0.06667
41.81667	0.06667
41.8	0.06667
41.78333	0.06667
41.76667	0.06667
41.75	0.06667
41.73333	0.06683
41.71667	0.06683
41.7	0.06683
41.68333	0.06683
41.66667	0.06683
41.65	0.06683
41.63333	0.067
41.61667	0.067
41.6	0.067
41.58333	0.067
41.56667	0.067
41.55	0.067
41.53333	0.067
41.51667	0.067
41.5	0.067
41.48333	0.067
41.46667	0.067
41.45	0.067
41.43333	0.067
41.41667	0.067
41.4	0.06717
41.38333	0.06717
41.36667	0.06717
41.35	0.06717
41.33333	0.06717
41.31667	0.06717
41.3	0.06717
41.28333	0.06717
41.26667	0.06717
41.25	0.06717
41.23333	0.06717
41.21667	0.06717
41.2	0.06717
41.18333	0.06717
41.16667	0.06717
41.15	0.06717
41.13333	0.06717
41.11667	0.06717
41.1	0.06717
41.08333	0.06717
41.06667	0.06717
41.05	0.06717
41.03333	0.06717
41.01667	0.06717
41	0.06717
40.98333	0.06733
40.96667	0.06733
40.95	0.06733
40.93333	0.06733
40.91667	0.06733
40.9	0.06733
40.88333	0.06733
40.86667	0.06733
40.85	0.06733
40.83333	0.06733
40.81667	0.06733
40.8	0.06733
40.78333	0.06733
40.76667	0.06733
40.75	0.06733
40.73333	0.0675
40.71667	0.0675
40.7	0.0675
40.68333	0.0675
40.66667	0.0675
40.65	0.0675
40.63333	0.0675
40.61667	0.0675
40.6	0.0675
40.58333	0.0675
40.56667	0.0675
40.55	0.0675
40.53333	0.0675
40.51667	0.0675
40.5	0.0675
40.48333	0.06767
40.46667	0.06767
40.45	0.06767
40.43333	0.06767
40.41667	0.06767
40.4	0.06767
40.38333	0.06767
40.36667	0.06767
40.35	0.06767
40.33333	0.06767
40.31667	0.06767
40.3	0.06783
40.28333	0.06783
40.26667	0.06783
40.25	0.06783
40.23333	0.06783
40.21667	0.06783
40.2	0.06783
40.18333	0.06783
40.16667	0.06783
40.15	0.06783
40.13333	0.06783
40.11667	0.06783
40.1	0.06783
40.08333	0.06783
40.06667	0.06783
40.05	0.06783
40.03333	0.06783
40.01667	0.068
40	0.068
39.98333	0.068
39.96667	0.068
39.95	0.068
39.93333	0.06817
39.91667	0.06817
39.9	0.06817
39.88333	0.06817
39.86667	0.06817
39.85	0.06817
39.83333	0.06817
39.81667	0.06817
39.8	0.06817
39.78333	0.06817
39.76667	0.06817
39.75	0.06817
39.73333	0.06817
39.71667	0.06817
39.7	0.06817
39.68333	0.06833
39.66667	0.06833
39.65	0.06833
39.63333	0.06833
39.61667	0.06833
39.6	0.06833
39.58333	0.06833
39.56667	0.06833
39.55	0.06833
39.53333	0.06833
39.51667	0.06833
39.5	0.06833
39.48333	0.06833
39.46667	0.06833
39.45	0.06833
39.43333	0.06833
39.41667	0.06833
39.4	0.06833
39.38333	0.06833
39.36667	0.0685
39.35	0.0685
39.33333	0.0685
39.31667	0.0685
39.3	0.0685
39.28333	0.0685
39.26667	0.06867
39.25	0.06867
39.23333	0.06867
39.21667	0.06867
39.2	0.06867
39.18333	0.06867
39.16667	0.06867
39.15	0.06867
39.13333	0.06883
39.11667	0.06883
39.1	0.06883
39.08333	0.06883
39.06667	0.06883
39.05	0.06883
39.03333	0.06883
39.01667	0.06883
39	0.06883
38.98333	0.06883
38.96667	0.06883
38.95	0.06883
38.93333	0.06883
38.91667	0.06883
38.9	0.06883
38.88333	0.06883
38.86667	0.06883
38.85	0.06883
38.83333	0.06883
38.81667	0.06883
38.8	0.06883
38.78333	0.06883
38.76667	0.069
38.75	0.069
38.73333	0.069
38.71667	0.069
38.7	0.069
38.68333	0.06917
38.66667	0.06917
38.65	0.06917
38.63333	0.06917
38.61667	0.06917
38.6	0.06917
38.58333	0.06917
38.56667	0.06917
38.55	0.06917
38.53333	0.06917
38.51667	0.06917
38.5	0.06933
38.48333	0.06933
38.46667	0.06933
38.45	0.06933
38.43333	0.06933
38.41667	0.06933
38.4	0.06933
38.38333	0.06933
38.36667	0.0695
38.35	0.0695
38.33333	0.0695
38.31667	0.0695
38.3	0.0695
38.28333	0.06967
38.26667	0.06967
38.25	0.06967
38.23333	0.06967
38.21667	0.06967
38.2	0.06967
38.18333	0.06983
38.16667	0.07
38.15	0.07
38.13333	0.07
38.11667	0.07
38.1	0.07
38.08333	0.07
38.06667	0.07
38.05	0.07
38.03333	0.07
38.01667	0.07
38	0.07
37.98333	0.07
37.96667	0.07
37.95	0.07
37.93333	0.07
37.91667	0.07
37.9	0.07
37.88333	0.07
37.86667	0.07
37.85	0.07
37.83333	0.07
37.81667	0.07
37.8	0.07
37.78333	0.07
37.76667	0.07
37.75	0.07
37.73333	0.07017
37.71667	0.07017
37.7	0.07017
37.68333	0.07017
37.66667	0.07017
37.65	0.07033
37.63333	0.0705
37.61667	0.07067
37.6	0.07067
37.58333	0.07067
37.56667	0.07067
37.55	0.07067
37.53333	0.07067
37.51667	0.07067
37.5	0.07067
37.48333	0.07067
37.46667	0.07067
37.45	0.07067
37.43333	0.07067
37.41667	0.07067
37.4	0.07067
37.38333	0.07067
37.36667	0.07067
37.35	0.07067
37.33333	0.07083
37.31667	0.07083
37.3	0.07083
37.28333	0.07083
37.26667	0.07083
37.25	0.07083
37.23333	0.07083
37.21667	0.07083
37.2	0.07083
37.18333	0.07083
37.16667	0.071
37.15	0.071
37.13333	0.071
37.11667	0.071
37.1	0.07117
37.08333	0.07117
37.06667	0.07117
37.05	0.07117
37.03333	0.07117
37.01667	0.07117
37	0.07117
36.98333	0.07117
36.96667	0.07133
36.95	0.07133
36.93333	0.07133
36.91667	0.0715
36.9	0.0715
36.88333	0.0715
36.86667	0.0715
36.85	0.0715
36.83333	0.0715
36.81667	0.0715
36.8	0.0715
36.78333	0.07167
36.76667	0.07167
36.75	0.07167
36.73333	0.07167
36.71667	0.07167
36.7	0.07167
36.68333	0.07167
36.66667	0.07167
36.65	0.07167
36.63333	0.07167
36.61667	0.07167
36.6	0.07167
36.58333	0.07183
36.56667	0.07183
36.55	0.07183
36.53333	0.07183
36.51667	0.07183
36.5	0.07183
36.48333	0.07183
36.46667	0.07183
36.45	0.07183
36.43333	0.07183
36.41667	0.07183
36.4	0.07183
36.38333	0.072
36.36667	0.072
36.35	0.072
36.33333	0.072
36.31667	0.07217
36.3	0.07217
36.28333	0.07217
36.26667	0.07217
36.25	0.07233
36.23333	0.0725
36.21667	0.0725
36.2	0.0725
36.18333	0.0725
36.16667	0.0725
36.15	0.07267
36.13333	0.07267
36.11667	0.07267
36.1	0.07267
36.08333	0.07267
36.06667	0.07267
36.05	0.07267
36.03333	0.07267
36.01667	0.07267
36	0.07267
35.98333	0.07267
35.96667	0.07267
35.95	0.07267
35.93333	0.07267
35.91667	0.07267
35.9	0.07267
35.88333	0.07267
35.86667	0.07283
35.85	0.07283
35.83333	0.07283
35.81667	0.07283
35.8	0.073
35.78333	0.07317
35.76667	0.07317
35.75	0.07317
35.73333	0.07317
35.71667	0.07317
35.7	0.07317
35.68333	0.07317
35.66667	0.07317
35.65	0.07333
35.63333	0.07333
35.61667	0.07333
35.6	0.07333
35.58333	0.07333
35.56667	0.07333
35.55	0.07333
35.53333	0.0735
35.51667	0.0735
35.5	0.0735
35.48333	0.07367
35.46667	0.07367
35.45	0.07367
35.43333	0.07367
35.41667	0.07383
35.4	0.07383
35.38333	0.07383
35.36667	0.07383
35.35	0.07383
35.33333	0.07383
35.31667	0.07383
35.3	0.07383
35.28333	0.07383
35.26667	0.074
35.25	0.074
35.23333	0.074
35.21667	0.074
35.2	0.074
35.18333	0.07417
35.16667	0.07417
35.15	0.07417
35.13333	0.07417
35.11667	0.07417
35.1	0.07433
35.08333	0.07433
35.06667	0.07433
35.05	0.07433
35.03333	0.0745
35.01667	0.0745
35	0.0745
34.98333	0.0745
34.96667	0.0745
34.95	0.0745
34.93333	0.07467
34.91667	0.07467
34.9	0.07467
34.88333	0.07467
34.86667	0.07467
34.85	0.07467
34.83333	0.07467
34.81667	0.07467
34.8	0.07483
34.78333	0.07483
34.76667	0.07517
34.75	0.07517
34.73333	0.07517
34.71667	0.07517
34.7	0.07517
34.68333	0.07533
34.66667	0.07533
34.65	0.07533
34.63333	0.07533
34.61667	0.07533
34.6	0.07533
34.58333	0.07533
34.56667	0.07533
34.55	0.07533
34.53333	0.07533
34.51667	0.07533
34.5	0.07533
34.48333	0.07533
34.46667	0.07533
34.45	0.0755
34.43333	0.0755
34.41667	0.07583
34.4	0.07583
34.38333	0.07583
34.36667	0.07583
34.35	0.076
34.33333	0.076
34.31667	0.076
34.3	0.076
34.28333	0.07617
34.26667	0.07617
34.25	0.07617
34.23333	0.07617
34.21667	0.07617
34.2	0.07617
34.18333	0.07617
34.16667	0.07617
34.15	0.07617
34.13333	0.07617
34.11667	0.07633
34.1	0.07633
34.08333	0.07633
34.06667	0.0765
34.05	0.0765
34.03333	0.0765
34.01667	0.0765
34	0.0765
33.98333	0.0765
33.96667	0.0765
33.95	0.0765
33.93333	0.07667
33.91667	0.07667
33.9	0.07683
33.88333	0.07683
33.86667	0.07683
33.85	0.077
33.83333	0.077
33.81667	0.077
33.8	0.077
33.78333	0.07717
33.76667	0.07733
33.75	0.07733
33.73333	0.07733
33.71667	0.07733
33.7	0.07733
33.68333	0.07733
33.66667	0.07733
33.65	0.07733
33.63333	0.07733
33.61667	0.07733
33.6	0.07733
33.58333	0.07733
33.56667	0.0775
33.55	0.0775
33.53333	0.0775
33.51667	0.0775
33.5	0.0775
33.48333	0.07767
33.46667	0.078
33.45	0.07817
33.43333	0.07817
33.41667	0.07817
33.4	0.07817
33.38333	0.07817
33.36667	0.07817
33.35	0.07817
33.33333	0.07817
33.31667	0.07817
33.3	0.07817
33.28333	0.07817
33.26667	0.07817
33.25	0.07817
33.23333	0.07817
33.21667	0.07817
33.2	0.07817
33.18333	0.07817
33.16667	0.07833
33.15	0.0785
33.13333	0.0785
33.11667	0.07867
33.1	0.07867
33.08333	0.07883
33.06667	0.07883
33.05	0.079
33.03333	0.079
33.01667	0.079
33	0.079
32.98333	0.079
32.96667	0.079
32.95	0.079
32.93333	0.079
32.91667	0.079
32.9	0.079
32.88333	0.07917
32.86667	0.07917
32.85	0.07933
32.83333	0.07933
32.81667	0.0795
32.8	0.0795
32.78333	0.0795
32.76667	0.0795
32.75	0.0795
32.73333	0.0795
32.71667	0.0795
32.7	0.07967
32.68333	0.07967
32.66667	0.07967
32.65	0.07983
32.63333	0.07983
32.61667	0.08
32.6	0.08
32.58333	0.08
32.56667	0.08
32.55	0.08
32.53333	0.08017
32.51667	0.08033
32.5	0.08033
32.48333	0.08033
32.46667	0.08033
32.45	0.08033
32.43333	0.08033
32.41667	0.08033
32.4	0.08033
32.38333	0.08033
32.36667	0.08033
32.35	0.0805
32.33333	0.0805
32.31667	0.08067
32.3	0.08067
32.28333	0.08083
32.26667	0.08083
32.25	0.081
32.23333	0.081
32.21667	0.08117
32.2	0.08117
32.18333	0.08117
32.16667	0.08117
32.15	0.08117
32.13333	0.08117
32.11667	0.08117
32.1	0.08117
32.08333	0.08117
32.06667	0.08133
32.05	0.08133
32.03333	0.08133
32.01667	0.08133
32	0.08133
31.98333	0.08167
31.96667	0.08167
31.95	0.08167
31.93333	0.08183
31.91667	0.08183
31.9	0.082
31.88333	0.082
31.86667	0.082
31.85	0.082
31.83333	0.082
31.81667	0.082
31.8	0.08217
31.78333	0.08217
31.76667	0.08217
31.75	0.08233
31.73333	0.08233
31.71667	0.08233
31.7	0.08233
31.68333	0.08233
31.66667	0.08233
31.65	0.08233
31.63333	0.08233
31.61667	0.0825
31.6	0.08283
31.58333	0.08283
31.56667	0.08283
31.55	0.083
31.53333	0.083
31.51667	0.08317
31.5	0.08317
31.48333	0.08317
31.46667	0.08317
31.45	0.08317
31.43333	0.08317
31.41667	0.08317
31.4	0.08317
31.38333	0.08317
31.36667	0.08317
31.35	0.08333
31.33333	0.08333
31.31667	0.08367
31.3	0.08367
31.28333	0.08383
31.26667	0.08383
31.25	0.084
31.23333	0.084
31.21667	0.084
31.2	0.084
31.18333	0.084
31.16667	0.084
31.15	0.084
31.13333	0.084
31.11667	0.084
31.1	0.084
31.08333	0.084
31.06667	0.08417
31.05	0.08433
31.03333	0.0845
31.01667	0.08467
31	0.08467
30.98333	0.08467
30.96667	0.08483
30.95	0.08483
30.93333	0.08483
30.91667	0.08483
30.9	0.08483
30.88333	0.085
30.86667	0.085
30.85	0.085
30.83333	0.085
30.81667	0.085
30.8	0.08533
30.78333	0.08533
30.76667	0.08533
30.75	0.0855
30.73333	0.0855
30.71667	0.0855
30.7	0.08567
30.68333	0.08567
30.66667	0.08567
30.65	0.08567
30.63333	0.08567
30.61667	0.08567
30.6	0.08583
30.58333	0.086
30.56667	0.086
30.55	0.08617
30.53333	0.08633
30.51667	0.08633
30.5	0.08633
30.48333	0.08633
30.46667	0.08633
30.45	0.08633
30.43333	0.08633
30.41667	0.08633
30.4	0.0865
30.38333	0.0865
30.36667	0.0865
30.35	0.08667
30.33333	0.087
30.31667	0.087
30.3	0.087
30.28333	0.08717
30.26667	0.08717
30.25	0.08717
30.23333	0.08717
30.21667	0.08717
30.2	0.08717
30.18333	0.08717
30.16667	0.08717
30.15	0.08717
30.13333	0.0875
30.11667	0.0875
30.1	0.0875
30.08333	0.08767
30.06667	0.08783
30.05	0.08783
30.03333	0.08783
30.01667	0.08783
30	0.088
29.98333	0.088
29.96667	0.088
29.95	0.088
29.93333	0.088
29.91667	0.08817
29.9	0.08833
29.88333	0.0885
29.86667	0.0885
29.85	0.08867
29.83333	0.08867
29.81667	0.08867
29.8	0.08867
29.78333	0.08883
29.76667	0.08883
29.75	0.08883
29.73333	0.089
29.71667	0.089
29.7	0.08917
29.68333	0.08917
29.66667	0.08933
29.65	0.0895
29.63333	0.0895
29.61667	0.0895
29.6	0.0895
29.58333	0.08967
29.56667	0.08967
29.55	0.08967
29.53333	0.08967
29.51667	0.08983
29.5	0.08983
29.48333	0.09017
29.46667	0.09017
29.45	0.09017
29.43333	0.09017
29.41667	0.09033
29.4	0.0905
29.38333	0.0905
29.36667	0.0905
29.35	0.0905
29.33333	0.0905
29.31667	0.0905
29.3	0.0905
29.28333	0.09067
29.26667	0.09067
29.25	0.09083
29.23333	0.09083
29.21667	0.091
29.2	0.09117
29.18333	0.09133
29.16667	0.09133
29.15	0.09133
29.13333	0.09133
29.11667	0.09133
29.1	0.09133
29.08333	0.09133
29.06667	0.09133
29.05	0.09167
29.03333	0.09167
29.01667	0.09167
29	0.09167
28.98333	0.09183
28.96667	0.09217
28.95	0.09217
28.93333	0.09217
28.91667	0.09233
28.9	0.09233
28.88333	0.09233
28.86667	0.0925
28.85	0.0925
28.83333	0.09267
28.81667	0.09267
28.8	0.09283
28.78333	0.09283
28.76667	0.09283
28.75	0.093
28.73333	0.093
28.71667	0.093
28.7	0.093
28.68333	0.09317
28.66667	0.09317
28.65	0.09317
28.63333	0.0935
28.61667	0.0935
28.6	0.0935
28.58333	0.09367
28.56667	0.09367
28.55	0.09367
28.53333	0.09367
28.51667	0.09367
28.5	0.09383
28.48333	0.09383
28.46667	0.094
28.45	0.09433
28.43333	0.09433
28.41667	0.09433
28.4	0.0945
28.38333	0.0945
28.36667	0.0945
28.35	0.0945
28.33333	0.0945
28.31667	0.0945
28.3	0.09467
28.28333	0.09483
28.26667	0.095
28.25	0.095
28.23333	0.09517
28.21667	0.09517
28.2	0.09533
28.18333	0.09533
28.16667	0.0955
28.15	0.0955
28.13333	0.0955
28.11667	0.0955
28.1	0.09567
28.08333	0.09583
28.06667	0.096
28.05	0.09617
28.03333	0.09617
28.01667	0.09617
28	0.09617
27.98333	0.09617
27.96667	0.09633
27.95	0.09633
27.93333	0.09633
27.91667	0.09633
27.9	0.09667
27.88333	0.09667
27.86667	0.09683
27.85	0.097
27.83333	0.097
27.81667	0.097
27.8	0.097
27.78333	0.097
27.76667	0.097
27.75	0.09717
27.73333	0.09717
27.71667	0.09733
27.7	0.09767
27.68333	0.098
27.66667	0.098
27.65	0.098
27.63333	0.098
27.61667	0.098
27.6	0.098
27.58333	0.098
27.56667	0.098
27.55	0.098
27.53333	0.098
27.51667	0.09817
27.5	0.0985
27.48333	0.09867
27.46667	0.09867
27.45	0.09883
27.43333	0.09883
27.41667	0.09883
27.4	0.09883
27.38333	0.09883
27.36667	0.09883
27.35	0.09883
27.33333	0.09933
27.31667	0.09933
27.3	0.0995
27.28333	0.0995
27.26667	0.0995
27.25	0.09967
27.23333	0.09983
27.21667	0.09983
27.2	0.09983
27.18333	0.09983
27.16667	0.10017
27.15	0.10017
27.13333	0.10033
27.11667	0.1005
27.1	0.1005
27.08333	0.1005
27.06667	0.1005
27.05	0.1005
27.03333	0.1005
27.01667	0.1005
27	0.10083
26.98333	0.101
26.96667	0.101
26.95	0.10117
26.93333	0.10133
26.91667	0.10133
26.9	0.10133
26.88333	0.10133
26.86667	0.10133
26.85	0.10133
26.83333	0.10133
26.81667	0.10167
26.8	0.10183
26.78333	0.102
26.76667	0.102
26.75	0.10217
26.73333	0.10233
26.71667	0.10233
26.7	0.10233
26.68333	0.10233
26.66667	0.1025
26.65	0.10267
26.63333	0.10267
26.61667	0.10267
26.6	0.10267
26.58333	0.10283
26.56667	0.103
26.55	0.10317
26.53333	0.10317
26.51667	0.10333
26.5	0.10333
26.48333	0.10333
26.46667	0.1035
26.45	0.1035
26.43333	0.1035
26.41667	0.10383
26.4	0.104
26.38333	0.104
26.36667	0.10417
26.35	0.10417
26.33333	0.10433
26.31667	0.10433
26.3	0.10433
26.28333	0.1045
26.26667	0.1045
26.25	0.10467
26.23333	0.10467
26.21667	0.105
26.2	0.105
26.18333	0.105
26.16667	0.10517
26.15	0.10517
26.13333	0.10517
26.11667	0.10533
26.1	0.10533
26.08333	0.10567
26.06667	0.10583
26.05	0.106
26.03333	0.106
26.01667	0.106
26	0.106
25.98333	0.106
25.96667	0.10617
25.95	0.10633
25.93333	0.1065
25.91667	0.10667
25.9	0.10667
25.88333	0.10667
25.86667	0.10683
25.85	0.10683
25.83333	0.10683
25.81667	0.107
25.8	0.107
25.78333	0.107
25.76667	0.10733
25.75	0.10733
25.73333	0.1075
25.71667	0.10767
25.7	0.10767
25.68333	0.10783
25.66667	0.10783
25.65	0.10783
25.63333	0.10817
25.61667	0.10833
25.6	0.10833
25.58333	0.10833
25.56667	0.10833
25.55	0.1085
25.53333	0.10867
25.51667	0.10867
25.5	0.10867
25.48333	0.10867
25.46667	0.10883
25.45	0.10917
25.43333	0.10917
25.41667	0.10933
25.4	0.10933
25.38333	0.1095
25.36667	0.1095
25.35	0.10967
25.33333	0.10983
25.31667	0.10983
25.3	0.11017
25.28333	0.11017
25.26667	0.11017
25.25	0.11017
25.23333	0.11033
25.21667	0.11033
25.2	0.11033
25.18333	0.1105
25.16667	0.1105
25.15	0.11083
25.13333	0.111
25.11667	0.11117
25.1	0.11117
25.08333	0.11117
25.06667	0.11133
25.05	0.11133
25.03333	0.11133
25.01667	0.11167
25	0.11183
24.98333	0.11183
24.96667	0.11183
24.95	0.11183
24.93333	0.11183
24.91667	0.112
24.9	0.11217
24.88333	0.11233
24.86667	0.1125
24.85	0.1125
24.83333	0.11267
24.81667	0.11267
24.8	0.11283
24.78333	0.113
24.76667	0.113
24.75	0.113
24.73333	0.11333
24.71667	0.1135
24.7	0.1135
24.68333	0.11367
24.66667	0.11367
24.65	0.11367
24.63333	0.11383
24.61667	0.11383
24.6	0.11383
24.58333	0.11417
24.56667	0.11417
24.55	0.11433
24.53333	0.1145
24.51667	0.11467
24.5	0.11483
24.48333	0.11483
24.46667	0.11483
24.45	0.11483
24.43333	0.11483
24.41667	0.115
24.4	0.11517
24.38333	0.1155
24.36667	0.11567
24.35	0.11567
24.33333	0.11567
24.31667	0.11583
24.3	0.11583
24.28333	0.11617
24.26667	0.11617
24.25	0.11617
24.23333	0.11633
24.21667	0.11633
24.2	0.1165
24.18333	0.1165
24.16667	0.11667
24.15	0.11667
24.13333	0.11683
24.11667	0.11683
24.1	0.11717
24.08333	0.11733
24.06667	0.1175
24.05	0.1175
24.03333	0.1175
24.01667	0.11767
24	0.11767
23.98333	0.11783
23.96667	0.11783
23.95	0.11817
23.93333	0.11833
23.91667	0.11833
23.9	0.11833
23.88333	0.1185
23.86667	0.11867
23.85	0.11867
23.83333	0.11883
23.81667	0.11883
23.8	0.11917
23.78333	0.11917
23.76667	0.11933
23.75	0.11933
23.73333	0.11933
23.71667	0.11967
23.7	0.11967
23.68333	0.11967
23.66667	0.12
23.65	0.12017
23.63333	0.12033
23.61667	0.12033
23.6	0.12033
23.58333	0.1205
23.56667	0.12067
23.55	0.12067
23.53333	0.12067
23.51667	0.12067
23.5	0.12067
23.48333	0.12117
23.46667	0.12117
23.45	0.12133
23.43333	0.1215
23.41667	0.12167
23.4	0.12167
23.38333	0.12167
23.36667	0.12183
23.35	0.122
23.33333	0.12217
23.31667	0.12233
23.3	0.1225
23.28333	0.1225
23.26667	0.12267
23.25	0.12267
23.23333	0.12267
23.21667	0.123
23.2	0.12317
23.18333	0.12333
23.16667	0.12333
23.15	0.12333
23.13333	0.1235
23.11667	0.1235
23.1	0.1235
23.08333	0.12367
23.06667	0.12417
23.05	0.12433
23.03333	0.12433
23.01667	0.12433
23	0.12433
22.98333	0.12433
22.96667	0.1245
22.95	0.12483
22.93333	0.12483
22.91667	0.125
22.9	0.12533
22.88333	0.12533
22.86667	0.12533
22.85	0.12533
22.83333	0.1255
22.81667	0.1255
22.8	0.12583
22.78333	0.12583
22.76667	0.12617
22.75	0.12617
22.73333	0.12633
22.71667	0.1265
22.7	0.1265
22.68333	0.1265
22.66667	0.12667
22.65	0.12667
22.63333	0.12667
22.61667	0.12717
22.6	0.12733
22.58333	0.12733
22.56667	0.1275
22.55	0.1275
22.53333	0.12767
22.51667	0.12783
22.5	0.12783
22.48333	0.128
22.46667	0.12817
22.45	0.12833
22.43333	0.12833
22.41667	0.1285
22.4	0.12867
22.38333	0.12867
22.36667	0.12883
22.35	0.129
22.33333	0.129
22.31667	0.12917
22.3	0.12933
22.28333	0.1295
22.26667	0.1295
22.25	0.1295
22.23333	0.13
22.21667	0.13
22.2	0.13
22.18333	0.13017
22.16667	0.13017
22.15	0.13033
22.13333	0.13033
22.11667	0.13067
22.1	0.13083
22.08333	0.131
22.06667	0.131
22.05	0.131
22.03333	0.13117
22.01667	0.13133
22	0.1315
21.98333	0.1315
21.96667	0.13183
21.95	0.13183
21.93333	0.132
21.91667	0.13217
21.9	0.13233
21.88333	0.1325
21.86667	0.1325
21.85	0.1325
21.83333	0.13267
21.81667	0.13267
21.8	0.133
21.78333	0.13317
21.76667	0.13333
21.75	0.1335
21.73333	0.1335
21.71667	0.1335
21.7	0.13367
21.68333	0.13383
21.66667	0.13417
21.65	0.13433
21.63333	0.1345
21.61667	0.1345
21.6	0.1345
21.58333	0.1345
21.56667	0.1345
21.55	0.13483
21.53333	0.135
21.51667	0.135
21.5	0.13517
21.48333	0.1355
21.46667	0.1355
21.45	0.13567
21.43333	0.13583
21.41667	0.136
21.4	0.136
21.38333	0.136
21.36667	0.136
21.35	0.1365
21.33333	0.1365
21.31667	0.13667
21.3	0.137
21.28333	0.137
21.26667	0.137
21.25	0.137
21.23333	0.137
21.21667	0.1375
21.2	0.13767
21.18333	0.13783
21.16667	0.138
21.15	0.138
21.13333	0.138
21.11667	0.138
21.1	0.138
21.08333	0.13833
21.06667	0.1385
21.05	0.13883
21.03333	0.139
21.01667	0.139
21	0.139
20.98333	0.13933
20.96667	0.13933
20.95	0.1395
20.93333	0.13967
20.91667	0.13967
20.9	0.14
20.88333	0.14
20.86667	0.14
20.85	0.14033
20.83333	0.14033
20.81667	0.1405
20.8	0.14067
20.78333	0.14083
20.76667	0.141
20.75	0.141
20.73333	0.14133
20.71667	0.14133
20.7	0.14133
20.68333	0.1415
20.66667	0.14183
20.65	0.14183
20.63333	0.14183
20.61667	0.14217
20.6	0.14233
20.58333	0.14233
20.56667	0.14267
20.55	0.14267
20.53333	0.14283
20.51667	0.143
20.5	0.14317
20.48333	0.14317
20.46667	0.14317
20.45	0.14333
20.43333	0.1435
20.41667	0.14367
20.4	0.144
20.38333	0.14417
20.36667	0.14417
20.35	0.14417
20.33333	0.14417
20.31667	0.1445
20.3	0.14467
20.28333	0.14517
20.26667	0.14517
20.25	0.14517
20.23333	0.14517
20.21667	0.14517
20.2	0.14533
20.18333	0.1455
20.16667	0.14583
20.15	0.14617
20.13333	0.14617
20.11667	0.14617
20.1	0.14633
20.08333	0.14633
20.06667	0.1465
20.05	0.14667
20.03333	0.147
20.01667	0.147
20	0.14717
19.98333	0.14733
19.96667	0.14733
19.95	0.1475
19.93333	0.14767
19.91667	0.14767
19.9	0.148
19.88333	0.14817
19.86667	0.1485
19.85	0.1485
19.83333	0.1485
19.81667	0.14867
19.8	0.14867
19.78333	0.14883
19.76667	0.14933
19.75	0.14933
19.73333	0.1495
19.71667	0.14967
19.7	0.14967
19.68333	0.14967
19.66667	0.14983
19.65	0.15
19.63333	0.15033
19.61667	0.15033
19.6	0.15067
19.58333	0.15067
19.56667	0.15083
19.55	0.15083
19.53333	0.15083
19.51667	0.151
19.5	0.15133
19.48333	0.1515
19.46667	0.15167
19.45	0.15183
19.43333	0.15183
19.41667	0.152
19.4	0.152
19.38333	0.1525
19.36667	0.15267
19.35	0.15267
19.33333	0.15283
19.31667	0.15283
19.3	0.15317
19.28333	0.15317
19.26667	0.1535
19.25	0.15367
19.23333	0.15367
19.21667	0.15367
19.2	0.15383
19.18333	0.154
19.16667	0.15417
19.15	0.1545
19.13333	0.1545
19.11667	0.15467
19.1	0.15467
19.08333	0.15483
19.06667	0.15533
19.05	0.15533
19.03333	0.15533
19.01667	0.15533
19	0.15567
18.98333	0.156
18.96667	0.156
18.95	0.15617
18.93333	0.15633
18.91667	0.15633
18.9	0.15633
18.88333	0.15683
18.86667	0.157
18.85	0.15717
18.83333	0.15717
18.81667	0.15717
18.8	0.15733
18.78333	0.1575
18.76667	0.15767
18.75	0.158
18.73333	0.15817
18.71667	0.15817
18.7	0.15817
18.68333	0.15833
18.66667	0.15867
18.65	0.159
18.63333	0.15917
18.61667	0.15917
18.6	0.15917
18.58333	0.1595
18.56667	0.1595
18.55	0.15967
18.53333	0.15983
18.51667	0.16
18.5	0.16017
18.48333	0.16033
18.46667	0.1605
18.45	0.1605
18.43333	0.1605
18.41667	0.16083
18.4	0.161
18.38333	0.16117
18.36667	0.1615
18.35	0.1615
18.33333	0.16167
18.31667	0.16183
18.3	0.16183
18.28333	0.16183
18.26667	0.1625
18.25	0.1625
18.23333	0.16267
18.21667	0.16267
18.2	0.16283
18.18333	0.16283
18.16667	0.16283
18.15	0.1635
18.13333	0.16367
18.11667	0.16367
18.1	0.16383
18.08333	0.16383
18.06667	0.164
18.05	0.16417
18.03333	0.16433
18.01667	0.16433
18	0.16467
17.98333	0.165
17.96667	0.16517
17.95	0.16517
17.93333	0.16517
17.91667	0.16517
17.9	0.1655
17.88333	0.166
17.86667	0.16617
17.85	0.16617
17.83333	0.16617
17.81667	0.16633
17.8	0.16633
17.78333	0.16667
17.76667	0.167
17.75	0.16717
17.73333	0.16717
17.71667	0.16733
17.7	0.16733
17.68333	0.1675
17.66667	0.16767
17.65	0.16783
17.63333	0.16817
17.61667	0.16833
17.6	0.16833
17.58333	0.1685
17.56667	0.16883
17.55	0.169
17.53333	0.169
17.51667	0.16917
17.5	0.16933
17.48333	0.1695
17.46667	0.16983
17.45	0.16983
17.43333	0.17
17.41667	0.17017
17.4	0.17017
17.38333	0.1705
17.36667	0.17067
17.35	0.17083
17.33333	0.171
17.31667	0.17117
17.3	0.17133
17.28333	0.17167
17.26667	0.17167
17.25	0.172
17.23333	0.172
17.21667	0.172
17.2	0.17217
17.18333	0.17217
17.16667	0.1725
17.15	0.17283
17.13333	0.173
17.11667	0.173
17.1	0.173
17.08333	0.1735
17.06667	0.1735
17.05	0.17367
17.03333	0.17367
17.01667	0.174
17	0.17417
16.98333	0.17433
16.96667	0.17433
16.95	0.1745
16.93333	0.17483
16.91667	0.175
16.9	0.175
16.88333	0.17533
16.86667	0.17533
16.85	0.1755
16.83333	0.17583
16.81667	0.17583
16.8	0.176
16.78333	0.1765
16.76667	0.1765
16.75	0.1765
16.73333	0.17667
16.71667	0.17683
16.7	0.177
16.68333	0.17733
16.66667	0.17733
16.65	0.1775
16.63333	0.17767
16.61667	0.178
16.6	0.17817
16.58333	0.17817
16.56667	0.17833
16.55	0.17833
16.53333	0.1785
16.51667	0.17883
16.5	0.17917
16.48333	0.17933
16.46667	0.17933
16.45	0.1795
16.43333	0.1795
16.41667	0.18
16.4	0.18017
16.38333	0.18017
16.36667	0.18033
16.35	0.18033
16.33333	0.18067
16.31667	0.181
16.3	0.18117
16.28333	0.18117
16.26667	0.1815
16.25	0.1815
16.23333	0.1815
16.21667	0.1815
16.2	0.18217
16.18333	0.18217
16.16667	0.18233
16.15	0.1825
16.13333	0.18267
16.11667	0.183
16.1	0.18317
16.08333	0.18317
16.06667	0.18333
16.05	0.1835
16.03333	0.18367
16.01667	0.184
16	0.184
15.98333	0.18417
15.96667	0.18433
15.95	0.18433
15.93333	0.1845
15.91667	0.185
15.9	0.18517
15.88333	0.18517
15.86667	0.18533
15.85	0.18533
15.83333	0.18583
15.81667	0.186
15.8	0.18617
15.78333	0.18617
15.76667	0.1865
15.75	0.1865
15.73333	0.18667
15.71667	0.187
15.7	0.18733
15.68333	0.18733
15.66667	0.18733
15.65	0.18767
15.63333	0.18767
15.61667	0.18783
15.6	0.188
15.58333	0.18833
15.56667	0.18867
15.55	0.18867
15.53333	0.18883
15.51667	0.189
15.5	0.189
15.48333	0.18917
15.46667	0.18933
15.45	0.18983
15.43333	0.18983
15.41667	0.19
15.4	0.19017
15.38333	0.19033
15.36667	0.19067
15.35	0.191
15.33333	0.191
15.31667	0.191
15.3	0.19133
15.28333	0.19133
15.26667	0.1915
15.25	0.1915
15.23333	0.19183
15.21667	0.192
15.2	0.19233
15.18333	0.19233
15.16667	0.1925
15.15	0.1925
15.13333	0.193
15.11667	0.19317
15.1	0.1935
15.08333	0.19367
15.06667	0.19367
15.05	0.19367
15.03333	0.19367
15.01667	0.1945
15	0.1945
14.98333	0.19467
14.96667	0.19467
14.95	0.19467
14.93333	0.19483
14.91667	0.19517
14.9	0.19533
14.88333	0.1955
14.86667	0.19567
14.85	0.19583
14.83333	0.196
14.81667	0.19617
14.8	0.19667
14.78333	0.19667
14.76667	0.19667
14.75	0.19683
14.73333	0.197
14.71667	0.19733
14.7	0.1975
14.68333	0.19767
14.66667	0.19783
14.65	0.19783
14.63333	0.19817
14.61667	0.19833
14.6	0.1985
14.58333	0.19867
14.56667	0.19883
14.55	0.19883
14.53333	0.199
14.51667	0.19933
14.5	0.1995
14.48333	0.19967
14.46667	0.19967
14.45	0.20017
14.43333	0.20033
14.41667	0.2005
14.4	0.20067
14.38333	0.20083
14.36667	0.20083
14.35	0.20117
14.33333	0.2015
14.31667	0.20167
14.3	0.20167
14.28333	0.20183
14.26667	0.202
14.25	0.20217
14.23333	0.20233
14.21667	0.2025
14.2	0.2025
14.18333	0.203
14.16667	0.20317
14.15	0.20333
14.13333	0.20367
14.11667	0.20367
14.1	0.204
14.08333	0.20417
14.06667	0.20417
14.05	0.20433
14.03333	0.2045
14.01667	0.20467
14	0.20483
13.98333	0.205
13.96667	0.20517
13.95	0.20533
13.93333	0.20567
13.91667	0.206
13.9	0.20617
13.88333	0.20617
13.86667	0.20617
13.85	0.2065
13.83333	0.20667
13.81667	0.207
13.8	0.20717
13.78333	0.20733
13.76667	0.20733
13.75	0.2075
13.73333	0.20783
13.71667	0.20817
13.7	0.20833
13.68333	0.20833
13.66667	0.2085
13.65	0.20867
13.63333	0.209
13.61667	0.20917
13.6	0.20933
13.58333	0.2095
13.56667	0.2095
13.55	0.20983
13.53333	0.21
13.51667	0.21033
13.5	0.21033
13.48333	0.2105
13.46667	0.21067
13.45	0.211
13.43333	0.211
13.41667	0.211
13.4	0.2115
13.38333	0.21167
13.36667	0.21167
13.35	0.21183
13.33333	0.212
13.31667	0.21217
13.3	0.2125
13.28333	0.21283
13.26667	0.21283
13.25	0.21317
13.23333	0.21317
13.21667	0.21333
13.2	0.21333
13.18333	0.21367
13.16667	0.214
13.15	0.21417
13.13333	0.21433
13.11667	0.21467
13.1	0.21467
13.08333	0.21483
13.06667	0.21517
13.05	0.21533
13.03333	0.21567
13.01667	0.21567
13	0.21567
12.98333	0.21583
12.96667	0.216
12.95	0.21633
12.93333	0.21667
12.91667	0.21683
12.9	0.21683
12.88333	0.21683
12.86667	0.21733
12.85	0.21767
12.83333	0.21767
12.81667	0.21783
12.8	0.21783
12.78333	0.21817
12.76667	0.21833
12.75	0.21867
12.73333	0.21883
12.71667	0.21883
12.7	0.219
12.68333	0.2195
12.66667	0.2195
12.65	0.21967
12.63333	0.21983
12.61667	0.22
12.6	0.22017
12.58333	0.22033
12.56667	0.2205
12.55	0.22083
12.53333	0.22083
12.51667	0.22117
12.5	0.22133
12.48333	0.2215
12.46667	0.22183
12.45	0.22183
12.43333	0.22183
12.41667	0.22217
12.4	0.22233
12.38333	0.2225
12.36667	0.22283
12.35	0.22283
12.33333	0.22333
12.31667	0.22333
12.3	0.2235
12.28333	0.2235
12.26667	0.22383
12.25	0.22417
12.23333	0.22433
12.21667	0.22433
12.2	0.22433
12.18333	0.22483
12.16667	0.225
12.15	0.22533
12.13333	0.22533
12.11667	0.22533
12.1	0.22567
12.08333	0.22583
12.06667	0.22617
12.05	0.22633
12.03333	0.2265
12.01667	0.2265
12	0.22683
11.98333	0.22683
11.96667	0.22733
11.95	0.2275
11.93333	0.2275
11.91667	0.2275
11.9	0.22783
11.88333	0.22817
11.86667	0.22833
11.85	0.2285
11.83333	0.22867
11.81667	0.22867
11.8	0.229
11.78333	0.22917
11.76667	0.2295
11.75	0.22967
11.73333	0.22983
11.71667	0.22983
11.7	0.23
11.68333	0.23017
11.66667	0.23033
11.65	0.23083
11.63333	0.23083
11.61667	0.231
11.6	0.23117
11.58333	0.2315
11.56667	0.23167
11.55	0.23167
11.53333	0.232
11.51667	0.23217
11.5	0.23233
11.48333	0.2325
11.46667	0.23267
11.45	0.233
11.43333	0.23317
11.41667	0.23333
11.4	0.2335
11.38333	0.2335
11.36667	0.2335
11.35	0.23417
11.33333	0.23417
11.31667	0.2345
11.3	0.2345
11.28333	0.2345
11.26667	0.23483
11.25	0.23517
11.23333	0.23533
11.21667	0.23533
11.2	0.23567
11.18333	0.23567
11.16667	0.236
11.15	0.23617
11.13333	0.23617
11.11667	0.23667
11.1	0.23667
11.08333	0.237
11.06667	0.23717
11.05	0.23733
11.03333	0.23733
11.01667	0.23783
11	0.238
10.98333	0.23817
10.96667	0.23833
10.95	0.23833
10.93333	0.23867
10.91667	0.239
10.9	0.23933
10.88333	0.23933
10.86667	0.23933
10.85	0.23933
10.83333	0.23967
10.81667	0.24017
10.8	0.24033
10.78333	0.24033
10.76667	0.24033
10.75	0.24083
10.73333	0.24083
10.71667	0.24117
10.7	0.24133
10.68333	0.2415
10.66667	0.2415
10.65	0.242
10.63333	0.242
10.61667	0.24217
10.6	0.24267
10.58333	0.24267
10.56667	0.24283
10.55	0.243
10.53333	0.243
10.51667	0.2435
10.5	0.24367
10.48333	0.24383
10.46667	0.24383
10.45	0.244
10.43333	0.2445
10.41667	0.24483
10.4	0.24483
10.38333	0.245
10.36667	0.245
10.35	0.24533
10.33333	0.2455
10.31667	0.24567
10.3	0.246
10.28333	0.24617
10.26667	0.24633
10.25	0.24667
10.23333	0.24667
10.21667	0.24683
10.2	0.24733
10.18333	0.2475
10.16667	0.2475
10.15	0.24767
10.13333	0.24767
10.11667	0.248
10.1	0.2485
10.08333	0.2485
10.06667	0.2485
10.05	0.24867
10.03333	0.24917
10.01667	0.24933
10	0.2495
9.98333	0.2495
9.96667	0.24983
9.95	0.24983
9.93333	0.25033
9.91667	0.2505
9.9	0.2505
9.88333	0.25083
9.86667	0.251
9.85	0.25133
9.83333	0.2515
9.81667	0.25167
9.8	0.25183
9.78333	0.25183
9.76667	0.25233
9.75	0.2525
9.73333	0.25267
9.71667	0.25283
9.7	0.25283
9.68333	0.253
9.66667	0.25333
9.65	0.25383
9.63333	0.25383
9.61667	0.25383
9.6	0.25417
9.58333	0.25467
9.56667	0.25467
9.55	0.25483
9.53333	0.25483
9.51667	0.255
9.5	0.2555
9.48333	0.2555
9.46667	0.25583
9.45	0.25583
9.43333	0.25617
9.41667	0.2565
9.4	0.2565
9.38333	0.25667
9.36667	0.257
9.35	0.25733
9.33333	0.2575
9.31667	0.2575
9.3	0.25767
9.28333	0.25817
9.26667	0.25833
9.25	0.2585
9.23333	0.25867
9.21667	0.25883
9.2	0.259
9.18333	0.25933
9.16667	0.2595
9.15	0.2595
9.13333	0.25983
9.11667	0.25983
9.1	0.26017
9.08333	0.26033
9.06667	0.26067
9.05	0.26083
9.03333	0.26083
9.01667	0.261
9	0.2615
8.98333	0.26167
8.96667	0.26167
8.95	0.26183
8.93333	0.26233
8.91667	0.26267
8.9	0.26267
8.88333	0.26267
8.86667	0.263
8.85	0.26317
8.83333	0.2635
8.81667	0.26367
8.8	0.26367
8.78333	0.264
8.76667	0.2645
8.75	0.2645
8.73333	0.2645
8.71667	0.26483
8.7	0.265
8.68333	0.2655
8.66667	0.2655
8.65	0.26583
8.63333	0.266
8.61667	0.266
8.6	0.26617
8.58333	0.26667
8.56667	0.26683
8.55	0.26683
8.53333	0.267
8.51667	0.2675
8.5	0.26767
8.48333	0.26783
8.46667	0.26783
8.45	0.268
8.43333	0.26833
8.41667	0.26867
8.4	0.26883
8.38333	0.269
8.36667	0.26917
8.35	0.2695
8.33333	0.26967
8.31667	0.26983
8.3	0.26983
8.28333	0.27033
8.26667	0.27067
8.25	0.27083
8.23333	0.27083
8.21667	0.271
8.2	0.2715
8.18333	0.27167
8.16667	0.27167
8.15	0.27183
8.13333	0.27233
8.11667	0.27267
8.1	0.27267
8.08333	0.27283
8.06667	0.27317
8.05	0.27367
8.03333	0.27383
8.01667	0.27383
8	0.27433
7.98333	0.27433
7.96667	0.27467
7.95	0.27483
7.93333	0.27517
7.91667	0.2755
7.9	0.2755
7.88333	0.27583
7.86667	0.27617
7.85	0.27633
7.83333	0.27683
7.81667	0.277
7.8	0.277
7.78333	0.27733
7.76667	0.27767
7.75	0.278
7.73333	0.278
7.71667	0.27867
7.7	0.27867
7.68333	0.27883
7.66667	0.27917
7.65	0.27933
7.63333	0.27967
7.61667	0.28
7.6	0.28033
7.58333	0.28067
7.56667	0.28083
7.55	0.281
7.53333	0.28117
7.51667	0.28183
7.5	0.282
7.48333	0.28217
7.46667	0.28217
7.45	0.28283
7.43333	0.283
7.41667	0.283
7.4	0.28333
7.38333	0.284
7.36667	0.284
7.35	0.284
7.33333	0.28467
7.31667	0.285
7.3	0.285
7.28333	0.28533
7.26667	0.28583
7.25	0.286
7.23333	0.28617
7.21667	0.2865
7.2	0.28667
7.18333	0.287
7.16667	0.28733
7.15	0.28767
7.13333	0.288
7.11667	0.28817
7.1	0.2885
7.08333	0.28867
7.06667	0.28917
7.05	0.28933
7.03333	0.28933
7.01667	0.29
7	0.29033
6.98333	0.29033
6.96667	0.29083
6.95	0.29117
6.93333	0.29133
6.91667	0.2915
6.9	0.292
6.88333	0.29233
6.86667	0.29267
6.85	0.293
6.83333	0.29317
6.81667	0.2935
6.8	0.294
6.78333	0.294
6.76667	0.2945
6.75	0.29483
6.73333	0.295
6.71667	0.29533
6.7	0.29583
6.68333	0.296
6.66667	0.29633
6.65	0.2965
6.63333	0.29683
6.61667	0.29717
6.6	0.2975
6.58333	0.29783
6.56667	0.29833
6.55	0.2985
6.53333	0.299
6.51667	0.29933
6.5	0.2995
6.48333	0.29967
6.46667	0.30033
6.45	0.3005
6.43333	0.30083
6.41667	0.30133
6.4	0.3015
6.38333	0.30167
6.36667	0.30217
6.35	0.30233
6.33333	0.30283
6.31667	0.30317
6.3	0.3035
6.28333	0.30367
6.26667	0.30417
6.25	0.30467
6.23333	0.30483
6.21667	0.30517
6.2	0.30567
6.18333	0.30567
6.16667	0.306
6.15	0.30667
6.13333	0.307
6.11667	0.30717
6.1	0.30767
6.08333	0.308
6.06667	0.30817
6.05	0.30883
6.03333	0.309
6.01667	0.30933
6	0.31
5.98333	0.31017
5.96667	0.31033
5.95	0.311
5.93333	0.31117
5.91667	0.31167
5.9	0.31217
5.88333	0.31233
5.86667	0.31283
5.85	0.313
5.83333	0.3135
5.81667	0.31367
5.8	0.31417
5.78333	0.31467
5.76667	0.315
5.75	0.31533
5.73333	0.31583
5.71667	0.31617
5.7	0.31667
5.68333	0.317
5.66667	0.3175
5.65	0.318
5.63333	0.31817
5.61667	0.31867
5.6	0.319
5.58333	0.31967
5.56667	0.32
5.55	0.32017
5.53333	0.32083
5.51667	0.321
5.5	0.32167
5.48333	0.32183
5.46667	0.32267
5.45	0.32267
5.43333	0.3235
5.41667	0.32367
5.4	0.32433
5.38333	0.3245
5.36667	0.32483
5.35	0.3255
5.33333	0.326
5.31667	0.3265
5.3	0.32683
5.28333	0.32733
5.26667	0.32767
5.25	0.32833
5.23333	0.32867
5.21667	0.329
5.2	0.32967
5.18333	0.33
5.16667	0.33067
5.15	0.33083
5.13333	0.33167
5.11667	0.332
5.1	0.33267
5.08333	0.33317
5.06667	0.33367
5.05	0.334
5.03333	0.33467
5.01667	0.335
5	0.3355
4.98333	0.33617
4.96667	0.33667
4.95	0.337
4.93333	0.33767
4.91667	0.33817
4.9	0.33883
4.88333	0.33917
4.86667	0.33967
4.85	0.34017
4.83333	0.34067
4.81667	0.34117
4.8	0.34183
4.78333	0.34233
4.76667	0.343
4.75	0.34333
4.73333	0.34417
4.71667	0.3445
4.7	0.34533
4.68333	0.34567
4.66667	0.34633
4.65	0.347
4.63333	0.3475
4.61667	0.348
4.6	0.34883
4.58333	0.349
4.56667	0.35
4.55	0.35033
4.53333	0.351
4.51667	0.35167
4.5	0.35217
4.48333	0.35283
4.46667	0.35367
4.45	0.354
4.43333	0.35467
4.41667	0.35533
4.4	0.356
4.38333	0.35667
4.36667	0.35717
4.35	0.35783
4.33333	0.3585
4.31667	0.35917
4.3	0.35983
4.28333	0.36017
4.26667	0.36117
4.25	0.36167
4.23333	0.36233
4.21667	0.36317
4.2	0.364
4.18333	0.36433
4.16667	0.36533
4.15	0.36583
4.13333	0.36667
4.11667	0.3675
4.1	0.368
4.08333	0.36883
4.06667	0.3695
4.05	0.37
4.03333	0.37083
4.01667	0.37183
4	0.37233
3.98333	0.373
3.96667	0.37383
3.95	0.37467
3.93333	0.37533
3.91667	0.37617
3.9	0.377
3.88333	0.37767
3.86667	0.3785
3.85	0.37933
3.83333	0.38
3.81667	0.381
3.8	0.38167
3.78333	0.38217
3.76667	0.38317
3.75	0.38433
3.73333	0.385
3.71667	0.38567
3.7	0.38633
3.68333	0.3875
3.66667	0.38817
3.65	0.38917
3.63333	0.39
3.61667	0.391
3.6	0.39183
3.58333	0.39267
3.56667	0.3935
3.55	0.39433
3.53333	0.39533
3.51667	0.39633
3.5	0.39717
3.48333	0.39833
3.46667	0.399
3.45	0.4
3.43333	0.401
3.41667	0.402
3.4	0.403
3.38333	0.40383
3.36667	0.405
3.35	0.40583
3.33333	0.407
3.31667	0.40783
3.3	0.40883
3.28333	0.40983
3.26667	0.41067
3.25	0.41183
3.23333	0.41283
3.21667	0.41383
3.2	0.41483
3.18333	0.416
3.16667	0.417
3.15	0.418
3.13333	0.419
3.11667	0.42017
3.1	0.4215
3.08333	0.42267
3.06667	0.42367
3.05	0.42483
3.03333	0.42617
3.01667	0.42717
3	0.4285
2.98333	0.42967
2.96667	0.43067
2.95	0.43183
2.93333	0.433
2.91667	0.4345
2.9	0.4355
2.88333	0.43667
2.86667	0.43817
2.85	0.43917
2.83333	0.4405
2.81667	0.44167
2.8	0.443
2.78333	0.44417
2.76667	0.4455
2.75	0.44667
2.73333	0.448
2.71667	0.44933
2.7	0.4505
2.68333	0.45183
2.66667	0.453
2.65	0.4545
2.63333	0.4555
2.61667	0.45683
2.6	0.45817
2.58333	0.45933
2.56667	0.4605
2.55	0.46167
2.53333	0.46267
2.51667	0.46383
2.5	0.465
2.48333	0.466
2.46667	0.46717
2.45	0.46817
2.43333	0.46917
2.41667	0.47017
2.4	0.47133
2.38333	0.47217
2.36667	0.47317
2.35	0.47433
2.33333	0.4755
2.31667	0.47633
2.3	0.47717
2.28333	0.47833
2.26667	0.47933
2.25	0.4805
2.23333	0.4815
2.21667	0.48283
2.2	0.48383
2.18333	0.485
2.16667	0.486
2.15	0.487
2.13333	0.488
2.11667	0.489
2.1	0.49017
2.08333	0.491
2.06667	0.492
2.05	0.49267
2.03333	0.4935
2.01667	0.495
2	0.49583
1.98333	0.49683
1.96667	0.49783
1.95	0.49933
1.93333	0.50083
1.91667	0.50233
1.9	0.504
1.88333	0.50633
1.86667	0.50883
1.85	0.5115
1.83333	0.51483
1.81667	0.5185
1.8	0.5225
1.78333	0.52717
1.76667	0.5315
1.75	0.53733
1.73333	0.54317
1.71667	0.549
1.7	0.54933
1.68333	0.55533
1.66667	0.55933
1.65	0.5625
